{
 "cells": [
  {
   "cell_type": "code",
   "execution_count": 1,
   "metadata": {
    "collapsed": true
   },
   "outputs": [],
   "source": [
    "import numpy as np\n",
    "import matplotlib.pyplot as plt\n",
    "np.set_printoptions(threshold=np.inf)\n",
    "%matplotlib inline\n",
    "%config InlineBackend.figure_format='retina'"
   ]
  },
  {
   "cell_type": "code",
   "execution_count": 2,
   "metadata": {
    "collapsed": false
   },
   "outputs": [
    {
     "data": {
      "text/plain": [
       "array([  0.11687839,   0.15633276,   0.20910566,   0.27969299,\n",
       "         0.37410832,   0.50039523,   0.66931252,   0.89525084,\n",
       "         1.19745866,   1.60168208,   2.1423583 ,   2.86554937,\n",
       "         3.83286643,   5.12671854,   6.85733338,   9.172148  ,\n",
       "        12.26836937,  16.40977524,  21.94918617])"
      ]
     },
     "execution_count": 2,
     "metadata": {},
     "output_type": "execute_result"
    }
   ],
   "source": [
    "r_wp = np.logspace(-1, 1.4, 20)\n",
    "r_wp = (r_wp[:-1]+r_wp[1:])/2.\n",
    "r_wp"
   ]
  },
  {
   "cell_type": "code",
   "execution_count": 3,
   "metadata": {
    "collapsed": false
   },
   "outputs": [],
   "source": [
    "all_w = np.load('102317_param_search_Fisher.npz')"
   ]
  },
  {
   "cell_type": "code",
   "execution_count": 4,
   "metadata": {
    "collapsed": false
   },
   "outputs": [
    {
     "data": {
      "text/plain": [
       "['wp_cov', 'wprp', 'ngals', 'param']"
      ]
     },
     "execution_count": 4,
     "metadata": {},
     "output_type": "execute_result"
    }
   ],
   "source": [
    "all_w.files"
   ]
  },
  {
   "cell_type": "code",
   "execution_count": 5,
   "metadata": {
    "collapsed": false
   },
   "outputs": [],
   "source": [
    "ngal = all_w['ngals']\n",
    "wp = all_w['wprp']\n",
    "wpcov = all_w['wp_cov']\n",
    "param = all_w['param']"
   ]
  },
  {
   "cell_type": "code",
   "execution_count": 6,
   "metadata": {
    "collapsed": false
   },
   "outputs": [
    {
     "data": {
      "text/plain": [
       "(array([  15.,   12.,   16.,   13.,   13.,   16.,   16.,   19.,   22.,\n",
       "          12.,   16.,   19.,   22.,   22.,   26.,   43.,   44.,   56.,\n",
       "          55.,   64.,   69.,   72.,   96.,  110.,  102.,  109.,  107.,\n",
       "         124.,  135.,  125.,  141.,  109.,  127.,  126.,  120.,  100.,\n",
       "         114.,   99.,   91.,   82.,   52.,   62.,   63.,   47.,   26.,\n",
       "          30.,   26.,   14.,   14.]),\n",
       " array([ 102000.        ,  102034.69387755,  102069.3877551 ,\n",
       "         102104.08163265,  102138.7755102 ,  102173.46938776,\n",
       "         102208.16326531,  102242.85714286,  102277.55102041,\n",
       "         102312.24489796,  102346.93877551,  102381.63265306,\n",
       "         102416.32653061,  102451.02040816,  102485.71428571,\n",
       "         102520.40816327,  102555.10204082,  102589.79591837,\n",
       "         102624.48979592,  102659.18367347,  102693.87755102,\n",
       "         102728.57142857,  102763.26530612,  102797.95918367,\n",
       "         102832.65306122,  102867.34693878,  102902.04081633,\n",
       "         102936.73469388,  102971.42857143,  103006.12244898,\n",
       "         103040.81632653,  103075.51020408,  103110.20408163,\n",
       "         103144.89795918,  103179.59183673,  103214.28571429,\n",
       "         103248.97959184,  103283.67346939,  103318.36734694,\n",
       "         103353.06122449,  103387.75510204,  103422.44897959,\n",
       "         103457.14285714,  103491.83673469,  103526.53061224,\n",
       "         103561.2244898 ,  103595.91836735,  103630.6122449 ,\n",
       "         103665.30612245,  103700.        ]),\n",
       " <a list of 49 Patch objects>)"
      ]
     },
     "execution_count": 6,
     "metadata": {},
     "output_type": "execute_result"
    },
    {
     "data": {
      "image/png": "iVBORw0KGgoAAAANSUhEUgAAAwgAAAH0CAYAAACZygpcAAAABHNCSVQICAgIfAhkiAAAAAlwSFlz\nAAAWJQAAFiUBSVIk8AAAIABJREFUeJzt3X28b1VdL/rPV3YCmiCmZSerDSaIZZFQKZQg3mPq9qnE\nK90se7KH68NJxeImGXW0dmU+1tGbplh0DyiWHgLNTkCYlB5Bj54TASpbsyxDBFSeBMf9Y841/Plz\nrbXX2nut3289vN+v13rNveYcY87xG3uuufdnjTnnqNZaAAAAkuQu824AAACwcQgIAABAJyAAAACd\ngAAAAHQCAgAA0AkIAABAJyAAAACdgAAAAHQCAgAA0AkIAABAJyAAAACdgAAAAHQCAgAA0AkIAABA\nJyAAAACdgAAAAHQ75t2AjaKqrk1ySJI9c24KAABb284kN7XWDp93QxYjIHzZIQcffPC9jj766HvN\nuyEAAGxdV155ZW655ZZ5N2NJAsKX7Tn66KPvdfnll8+7HQAAbGHHHntsrrjiij3zbsdSPIMAAAB0\nAgIAANAJCAAAQCcgAAAAnYAAAAB0AgIAANAJCAAAQCcgAAAAnYAAAAB0AgIAANAJCAAAQCcgAAAA\nnYAAAAB0AgIAANAJCAAAQLcmAaGqTqmqV1fVu6vqpqpqVXX2Kuq/fqzTqurblihzQFU9t6o+VFW3\nVNX1VXVhVR2/Fp8BAABYuxGEM5I8K8kxSf55NRWr6vFJfjrJ55cpU0nOSfKyJHdN8vtJ/jzJw5Nc\nWlVP3LdmAwAAk9YqIDw3yZFJDknyCyutVFX3SfK6JOcmuXyZoqcmOSXJZUmOaa29oLX200kekeTO\nJK+rqnvsY9sBAIDRjrXYSWvt4oU/D7/sX7E/HJfPTPLWZcothI4zWmu3Thz3f1TVuUl+LEOAeONq\nDg4Aa23n6Resqvye3bvWqSUA+2ZuDylX1U8keVKSn2utfWaZcgclOT7JzUnevUiRd4zLk9e6jQAA\nsN2syQjCalXVtyZ5ZZKzW2tv30vx+yc5IMnHWmt3LLL9mnF55AqPvdStTA9cSX0AANjKZj6CUFV3\nSfKmDA8lP2cFVQ4dlzcusX1h/T33s2kAALDtzWME4blJTkyyq7X22VkfvLV27GLrx5GFh8y4OQAA\nsKHMdAShqo5M8pIkb2ytXbjCagsjBIcusX1h/Q370zYAAGD2txg9KMmBSX5yYmK0VlUtw6hCklwz\nrnvS+P1HM7zK9IiqWmzE4wHj8up1bTkAAGwDs77FaE+SP1pi264k903yliQ3jWXTWru1qi5L8gPj\n18VT9R4zLi9a47YCAMC2M9OA0Fr7YJKfWWxbVV2SISD8SmvtI1ObX5MhHLy4qh65MBdCVX1Pkqcm\n+fcsP48CAACwAmsSEMbbgRZuCbrvuHxYVZ01/vm61tpp+3GIc5L8cIbJ0D5QVecn+boM4eCAJM9o\nrd20H/sHAACydiMIxyR5+tS6I8avJPl4kn0OCK21VlU/kuSyJD+V5NlJbk1yaZIXt9Yu29d9AwAA\nX7YmAaG1dmaSM/dzHyftZfsdSV4+fgEAAOtg5hOlAQAAG5eAAAAAdAICAADQCQgAAEAnIAAAAJ2A\nAAAAdDOdSRkA5mnn6Resus6e3bvWoSUAG5cRBAAAoBMQAACATkAAAAA6AQEAAOgEBAAAoBMQAACA\nTkAAAAA6AQEAAOgEBAAAoBMQAACATkAAAAA6AQEAAOgEBAAAoBMQAACATkAAAAA6AQEAAOgEBAAA\noBMQAACATkAAAAA6AQEAAOgEBAAAoBMQAACATkAAAAC6HfNuAACwOjtPv2BV5ffs3rVOLQG2IiMI\nAABAZwQBALa41Y44JEYdYDszggAAAHQCAgAA0LnFCACWsS+35wBsZkYQAACATkAAAAA6txgBsGm5\n/Qdg7RlBAAAAOgEBAADoBAQAAKATEAAAgE5AAAAAujUJCFV1SlW9uqreXVU3VVWrqrOXKPuAqvrl\nqrqoqv6pqm6vqn+rqrdX1SP2cpynV9X7qurzVXVjVV1SVY9bi88AAACs3QjCGUmeleSYJP+8l7L/\nOcnuJN+Q5MIkv5fkPUl2Jbmoqp6zWKWqemmSs5J8Y5LXJTk7yYOTnF9Vz9r/jwAAAKzVPAjPTfLJ\nJB9JcmKSi5cp+84kv91a+8Dkyqo6MclfJfndqnpLa+1TE9uOT/L8JB9N8j2ttc+O6383yeVJXlpV\nf9Fa27NGnwcAALalNRlBaK1d3Fq7prXWVlD2rOlwMK7/mySXJLlrkuOnNv/8uHzJQjgY6+xJ8gdJ\nDkzyk/vWegAAYMFGe0j5i+Pyjqn1J4/Ldy5S5x1TZQAAgH20VrcY7beq+tYkj0xyc5JLJ9bfPck3\nJfn85G1HE64Zl0eu8DiXL7HpgStvLQAAbE0bIiBU1YFJ/jTDrUK/NHkbUZJDx+WNS1RfWH/PdWoe\nAGw7O0+/YFXl9+zetU4tAWZt7gGhqg5I8idJTkhybpKXrufxWmvHLtGOy5M8ZD2PDQAAG91cn0EY\nw8HZSZ6S5M1JnrbIg84LIwSHZnEL629Y+xYCAMD2MreAUFVfk+S/Jjk1yf+X5P9qrU0/nJzW2hcy\nzK3wtVX1jYvs6gHj8ur1aisAAGwXcwkIVXXXJG/JMHLwx0l+rLV25zJVLhqXj15k22OmygAAAPto\n5gFhfCD5z5M8MckfJfnJ1tqX9lLttePyhVV12MS+diZ5ZpLbkrxxzRsLAADbzJo8pFxVT0rypPHb\n+47Lh1XVWeOfr2utnTb++bVJHpvkugy3Dr2oqqZ3eUlr7ZKFb1prl1XVy5I8L8mHquq8DBOqPTXJ\nvZI82yzKAACw/9bqLUbHJHn61Lojxq8k+XiShYBw+Li8d5IXLbPPSya/aa09v6o+nGHE4GeTfCnJ\nFUl+t7X2F/vccgAAoFuTgNBaOzPJmSsse9J+HOesJGfta30AAGB5c33NKQAAsLEICAAAQCcgAAAA\nnYAAAAB0AgIAANAJCAAAQCcgAAAAnYAAAAB0AgIAANCtyUzKAACrtfP0C1ZVfs/uXevUEmCSEQQA\nAKATEAAAgE5AAAAAOgEBAADoBAQAAKATEAAAgE5AAAAAOgEBAADoBAQAAKATEAAAgG7HvBsAwOzt\nPP2CVZXfs3vXOrUEgI3GCAIAANAJCAAAQOcWIwDWhduYVma1/QSw3owgAAAAnYAAAAB0AgIAANAJ\nCAAAQCcgAAAAnbcYAbAheJsPwMZgBAEAAOgEBAAAoBMQAACATkAAAAA6AQEAAOgEBAAAoBMQAACA\nTkAAAAA6AQEAAOgEBAAAoBMQAACATkAAAAA6AQEAAOgEBAAAoNuxFjupqlOSnJjkmCTfleQeSf60\ntfa0Zeocn+SMJA9NcnCSa5K8IcmrW2t3LlHncUlOS/LdSQ5I8r+T/JfW2pvW4nMAsLidp18w7yYA\nMCNrEhAy/Ef/u5J8PsknkzxwucJV9cQkb01ya5Jzk1yf5PFJXp7khCRPWaTOs5K8Oslnkpyd5PYk\npyQ5q6oe3Fo7bY0+CwAAbFtrdYvRc5McmeSQJL+wXMGqOiTJ65LcmeSk1tpPt9ZekGH04e+SnFJV\np07V2ZnkpRmCxHGttWe21p6b5DuTfDTJ86vqYWv0WQAAYNtak4DQWru4tXZNa62toPgpSe6T5JzW\n2vsn9nFrhpGI5KtDxk8lOTDJ77fW9kzU+WyS3xy//fl9bD4AADCax0PKJ4/Ldy6y7dIkNyc5vqoO\nXGGdd0yVAQAA9tFaPYOwGkeNy6unN7TW7qiqa5N8e5Ijkly5gjqfqqovJLlfVd2ttXbzcgevqsuX\n2LTscxMAALAdzCMgHDoub1xi+8L6e66yzt3HcssGBABg7XnTFWwd8wgIc9VaO3ax9ePIwkNm3BwA\nANhQ5vEMwsIowKFLbF9Yf8M+1FlqhAEAAFiBeYwgXJXkuAyvRf2K5wGqakeSw5PckeRjU3XuPdb5\nu6k635jh9qJP7u35AwBg81rtbUx7du9ap5bA1jaPEYSLxuWjF9n28CR3S3JZa+22FdZ5zFQZAABg\nH80jIJyX5Lokp1bVcQsrq+qgJC8ev33NVJ03JrktybPGSdMW6hyW5FfGb1+7Tu0FAIBtY01uMaqq\nJyV50vjtfcflw6rqrPHP17XWTkuS1tpNVfWMDEHhkqo6J8MMyU/I8DrT85KcO7n/1tq1VfWCJK9K\n8v6qOjfJ7RkmXbtfkt9rrX3FrUcAAMDqrdUzCMckefrUuiPGryT5eJLTFja01t5WVScmeWGSJyc5\nKMlHkjwvyasWm5G5tfbqqtoz7ufHM4x+/EOSM1prb1qjzwEAANvamgSE1tqZSc5cZZ33JHnsKuuc\nn+T81dQBAABWbh7PIAAAABuUgAAAAHQCAgAA0M1jojQA1thqJ5ACgKUYQQAAADoBAQAA6AQEAACg\nExAAAIBOQAAAADoBAQAA6AQEAACgExAAAIBOQAAAADoBAQAA6AQEAACgExAAAIBOQAAAALod824A\nAMB62Hn6Bauus2f3rnVoCWwuRhAAAIBOQAAAADoBAQAA6AQEAACgExAAAIBOQAAAADoBAQAA6AQE\nAACgExAAAIBOQAAAADoBAQAA6AQEAACgExAAAIBOQAAAADoBAQAA6AQEAACgExAAAIBOQAAAADoB\nAQAA6AQEAACgExAAAIBOQAAAADoBAQAA6AQEAACgExAAAIBurgGhqnZV1buq6pNVdUtVfayq3lJV\nD1ui/PFVdWFVXT+W/1BV/WJVHTDrtgMAwFa0Y14HrqrfTvJLST6T5G1JrkvybUmemOTJVfXjrbWz\nJ8o/Mclbk9ya5Nwk1yd5fJKXJzkhyVNm+gEAgC1n5+kXrKr8nt271qklMD9zCQhVdd8kpyX5tyTf\n2Vr79MS2RyS5KMlvJDl7XHdIktcluTPJSa2194/rf3Use0pVndpaO2emHwQAALaYed1i9K3jsd87\nGQ6SpLV2cZLPJbnPxOpTxu/PWQgHY9lbk5wxfvsL69piAADYBuYVEK5JcnuS762qe09uqKqHJ7lH\nkv8+sfrkcfnORfZ1aZKbkxxfVQeuQ1sBAGDbmEtAaK1dn+SXk3xDkn+oqj+sqt+qqjcneVeSv0ry\ncxNVjhqXVy+yrzuSXJvhdqkj1rXhAACwxc3tIeXW2iuqak+SNyR5xsSmjyQ5a+rWo0PH5Y1L7G5h\n/T33dtyqunyJTQ/cW10AANjq5vaa06r6pSTnJTkryf2T3D3JsUk+luRPq+p35tU2AADYrub1FqOT\nkvx2kj9vrT1vYtMVVfVDGW4len5Vvba19rF8eYTg0CxuYf0Nezt2a+3YJdp0eZKHrKD5AACwZc1r\nBOFx4/Li6Q2ttZuTvC9D2757XH3VuDxyunxV7UhyeJI7Mow+AAAA+2heAWHhbUP3WWL7wvrbx+VF\n4/LRi5R9eJK7JbmstXbb2jQPAAC2p3kFhHePy5+tqm+a3FBVj8kwM/KtSS4bV5+XYablU6vquImy\nByV58fjta9a1xQAAsA3M6y1G52WY5+D/SHJlVf15kn9NcnSG248qyemttc8kSWvtpqp6xljvkqo6\nJ8n1SZ6Q4RWo5yU5d+afAgAAtpi5BITW2peq6rFJnpnk1CQ/lOE2oeuTXJjkVa21d03VeVtVnZjk\nhUmenOSgDK9Efd5Yvs3wIwAAwJY0z3kQvpjkFePXSuu8J8lj161RAACwzc1tHgQAAGDjERAAAIBO\nQAAAADoBAQAA6AQEAACgExAAAIBOQAAAADoBAQAA6AQEAACgExAAAIBOQAAAADoBAQAA6AQEAACg\nExAAAIBOQAAAALod824AAF9p5+kXzLsJAGxjRhAAAIBOQAAAADoBAQAA6AQEAACgExAAAIBOQAAA\nADoBAQAA6AQEAACgM1EawDoz8RkAm4kRBAAAoBMQAACATkAAAAA6AQEAAOgEBAAAoBMQAACATkAA\nAAA6AQEAAOgEBAAAoBMQAACATkAAAAA6AQEAAOgEBAAAoBMQAACAbse8GwCwmew8/YJ5NwEA1pUR\nBAAAoBMQAACAzi1GAAAb2L7c2rhn9651aAnbhREEAACgm/sIQlU9MsmzkjwsyWFJPpPkw0le2Vq7\ncKrs8UnOSPLQJAcnuSbJG5K8urV25yzbDQCwL7zsgI1urgGhqn4nyQuSfDLJf0tyXZL7JDk2yUlJ\nLpwo+8Qkb01ya5Jzk1yf5PFJXp7khCRPmWHTAQBgS5pbQKiqZ2QIB29K8rOttduntn/NxJ8PSfK6\nJHcmOam19v5x/a8muSjJKVV1amvtnFm1HwAAtqK5PINQVQcmeUmST2SRcJAkrbUvTnx7SoaRhXMW\nwsFY5tYMtxwlyS+sX4sBAGB7mNcIwn/M8B/+VyT5UlXtSvIdGW4fel9r7e+myp88Lt+5yL4uTXJz\nkuOr6sDW2m3r1GYAANjy5hUQvmdc3prkAxnCQVdVlyY5pbX27+Oqo8bl1dM7aq3dUVXXJvn2JEck\nuXK5A1fV5UtseuDKmg4AAFvXvF5z+vXj8gVJWpIfSHKPJN+Z5F1JHp7kLRPlDx2XNy6xv4X191zb\nZgIAwPYyrxGEhWByR5IntNb2jN9/uKp+KMlVSU6sqoctcrvRfmmtHbvY+nFk4SFreSwAANhs5jWC\ncMO4/MBEOEiStNZuTvKX47ffOy4XRggOzeIW1t+wxHYAAGAF5hUQrhqXS/2H/rPj8uCp8kdOF6yq\nHUkOzzAa8bG1aiAAAGxH8woIf53h2YMHVdVibVh4aPnacXnRuHz0ImUfnuRuSS7zBiMAANg/cwkI\nrbWPJzk/ybck+U+T26rqUUl+MMPowsJrTc/LMMvyqVV13ETZg5K8ePz2NevcbAAA2PLmNpNykmcm\n+e4kLxvnQfhAhluFnpRhxuSfaa3dmCSttZvGmZfPS3JJVZ2T5PokT8jwCtTzkpw7+48AAABby7xu\nMUpr7ZNJjk3y+0kekGEk4aQMIwsntNbeOlX+bUlOzDAx2pOTPDvJF5M8L8mprbU2s8YDAMAWNc8R\nhIwToT17/FpJ+fckeey6NgoAALaxuY0gAAAAG4+AAAAAdAICAADQzfUZBIC1tvP0C1ZVfs/uXevU\nEgDYnIwgAAAAnYAAAAB0bjECtrXV3pIEAFudEQQAAKATEAAAgE5AAAAAOgEBAADoBAQAAKATEAAA\ngE5AAAAAOgEBAADoTJQGALCPTLbIVmQEAQAA6AQEAACgExAAAIBOQAAAADoBAQAA6AQEAACgExAA\nAIBOQAAAADoBAQAA6AQEAACgExAAAIBOQAAAADoBAQAA6AQEAACg2zHvBgAAsLZ2nn7Bqsrv2b1r\nnVrCZmQEAQAA6AQEAACgExAAAIBOQAAAADoBAQAA6AQEAACgExAAAIDOPAjAhrXa93gDAPvPCAIA\nANAJCAAAQOcWI2Bm3DIEABufEQQAAKATEAAAgG7DBISqelpVtfHrZ5Yo87iquqSqbqyqz1fVe6vq\n6bNuKwAAbFUbIiBU1Tcn+f0kn1+mzLOSnJ/kO5KcneR1Sf5DkrOq6qWzaCcAAGx1cw8IVVVJ3pjk\nM0leu0SZnUlemuT6JMe11p7ZWntuku9M8tEkz6+qh82kwQAAsIXNPSAkeU6Sk5P8ZJIvLFHmp5Ic\nmOT3W2t7Fla21j6b5DfHb39+HdsIAADbwlwDQlUdnWR3kle21i5dpujJ4/Kdi2x7x1QZAABgH81t\nHoSq2pHkT5J8Ismv7KX4UePy6ukNrbVPVdUXktyvqu7WWrt5L8e9fIlND9xLGwAAYMub50RpL0ry\n3Um+v7V2y17KHjoub1xi+41J7j6WWzYgAAAAS5tLQKiq78swavB7rbW/m+WxW2vHLtGmy5M8ZJZt\nAQCAjWbmzyCMtxb9cYbbhX51hdUWRg4OXWL73kYYAACAFZjHQ8pfm+TIJEcnuXVicrSW5NfGMq8b\n171i/P6qcXnk9M6q6hsz3F70yb09fwAAACxvHrcY3Zbkj5bY9pAMzyX8bYZQsHD70UVJTkjy6Il1\nCx4zUQYAANgPMw8I4wPJP7PYtqo6M0NAeFNr7fUTm96Y5JeSPKuq3rgwF0JVHZYvvwFp0UnWAACA\nlZvnW4xWrLV2bVW9IMmrkry/qs5NcnuSU5LcL3N42BkAALaiTREQkqS19uqq2pPktCQ/nuH5iX9I\nckZr7U3zbBsAAGwVGyogtNbOTHLmMtvPT3L+rNoDAADbzTzeYgQAAGxQAgIAANAJCAAAQCcgAAAA\nnYAAAAB0AgIAANAJCAAAQCcgAAAAnYAAAAB0AgIAANAJCAAAQCcgAAAAnYAAAAB0AgIAANAJCAAA\nQCcgAAAAnYAAAAB0AgIAANAJCAAAQCcgAAAA3Y55NwAAgM1l5+kXrLrOnt271qElrAcjCAAAQCcg\nAAAAnYAAAAB0AgIAANAJCAAAQCcgAAAAnYAAAAB0AgIAANAJCAAAQCcgAAAAnYAAAAB0O+bdAGBz\n2nn6BfNuAgBrZBbX9NUeY8/uXevUEvbGCAIAANAJCAAAQCcgAAAAnYAAAAB0AgIAANAJCAAAQCcg\nAAAAnYAAAAB0AgIAANAJCAAAQCcgAAAA3Y55HLSqvi7JDyXZleTBSb4pye1JPpzkjUne2Fr70iL1\njk9yRpKHJjk4yTVJ3pDk1a21O2fTera6nadfsKrye3bvWqeW7LvVfgYAgAVzCQhJnpLkNUk+leTi\nJJ9I8g1JfjjJ65M8pqqe0lprCxWq6olJ3prk1iTnJrk+yeOTvDzJCeM+AQCA/TCvgHB1kickuWBy\npKCqfiXJ+5I8OUNYeOu4/pAkr0tyZ5KTWmvvH9f/apKLkpxSVae21s6Z6acAAIAtZi7PILTWLmqt\nnT99G1Fr7V+TvHb89qSJTackuU+ScxbCwVj+1gy3HCXJL6xfiwEAYHvYiA8pf3Fc3jGx7uRx+c5F\nyl+a5OYkx1fVgevZMAAA2OrmdYvRoqpqR5IfH7+dDANHjcurp+u01u6oqmuTfHuSI5JcuZdjXL7E\npgeurrUAALD1bLQRhN1JviPJha21v5xYf+i4vHGJegvr77leDQMAgO1gw4wgVNVzkjw/yT8m+bH1\nOk5r7dgljn95koes13EBAGAz2BAjCFX1rCSvTPIPSR7RWrt+qsjCCMGhWdzC+hvWoXkAALBtzH0E\noap+McNcBv8rySNba59epNhVSY5LcmSSr3iGYHxu4fAMDzV/bH1by2azVSYM2yqfAwDY+OY6glBV\nv5whHHwww8jBYuEgGeY6SJJHL7Lt4UnuluSy1tpta99KAADYPuYWEMZJznZnGBF4ZGvtumWKn5fk\nuiSnVtVxE/s4KMmLx29fs15tBQCA7WIutxhV1dOT/EaGmZHfneQ5VTVdbE9r7awkaa3dVFXPyBAU\nLqmqc5Jcn2E25qPG9efOpvUAALB1zesZhMPH5QFJfnGJMn+T5KyFb1prb6uqE5O8MMmTkxyU5CNJ\nnpfkVa21tm6tBQCAbWIuAaG1dmaSM/eh3nuSPHat2wMAAAw2xGtOAQCAjUFAAAAAOgEBAADo5j5R\nGrOxLxNt7dm9ax1a8mXbefKv7fzZAYCNzQgCAADQCQgAAEDnFqMNYCPe/gMAwPZkBAEAAOiMIAAA\nsOHM4oUe7shYnBEEAACgExAAAIDOLUYsybv6AQC2HyMIAABAJyAAAACdW4w2Kbf/bBz+LgCArcQI\nAgAA0AkIAABAJyAAAACdgAAAAHQCAgAA0AkIAABAJyAAAACdgAAAAHQCAgAA0AkIAABAJyAAAACd\ngAAAAHQCAgAA0AkIAABAJyAAAACdgAAAAHQCAgAA0AkIAABAJyAAAACdgAAAAHQCAgAA0AkIAABA\nJyAAAACdgAAAAHQCAgAA0AkIAABAJyAAAACdgAAAAHSbKiBU1f2q6g1V9S9VdVtV7amqV1TVYfNu\nGwAAbAU75t2Alaqq+ye5LMnXJ3l7kn9M8r1J/lOSR1fVCa21z8yxiQAAsOltphGE/5IhHDyntfak\n1trprbWTk7w8yVFJXjLX1gEAwBawKQLCOHrwqCR7kvzB1OZfS/KFJD9WVXefcdMAAGBL2RQBIckj\nxuW7WmtfmtzQWvtckvckuVuSh866YQAAsJVsloBw1Li8eont14zLI2fQFgAA2LI2y0PKh47LG5fY\nvrD+nnvbUVVdvsSm77ryyitz7LHHrrZt++1T/7zUxwIAYL0c+1cvmstxr7zyyiTZOZeDr8BmCQiz\ncOctt9xy4xVXXLFnxsd94Lj8xxkfd7vRz+tPH8+Gfl5/+ng29PP608d7ccW/rclu9qWfdya5aU2O\nvg42S0BY+BX7oUtsX1h/w9521Fqb/RDBMhZGNDZau7Ya/bz+9PFs6Of1p49nQz+vP308G1uxnzfL\nMwhXjculnjF4wLhc6hkFAABgBTZLQLh4XD6qqr6izVV1jyQnJLk5yd/PumEAALCVbIqA0Fr7aJJ3\nZbhf65lTm389yd2T/Elr7QszbhoAAGwpm+UZhCT5v5NcluRVVfXIJFcm+b4McyRcneSFc2wbAABs\nCZtiBCHpowjHJTkrQzB4fpL7J3llkoe21j4zv9YBAMDWUK21ebcBAADYIDbNCAIAALD+BAQAAKAT\nEAAAgE5AAAAAOgEBAADoBAQAAKATEAAAgG5bBoSqOqWqXl1V766qm6qqVdXZe6lzfFVdWFXXV9Ut\nVfWhqvrFqjpgkbLHVNWZVfWeqvpUVd1eVf9cVf+1qh6yzDEOqKrnjvu+ZTzWhVV1/DJ1Dq6qX6+q\nq6rq1qr6dFW9uaqOXqbOvarqFVW1p6puq6p/qao3VNX9luuD1dpo/VyDR49t+mBVfXbss6vG/viG\nJdp0ydj2pb4OWqLeg8a/i09PHOfXq+rglfbh3my0Ph7rnLmX/nr0EvVWfV5W1f3GMv8y1tkz7uOw\nvfXdamzQfl6ujxe+fmyqznY+lx9cVa+vqg9U1b+P58s/VdV/r6ofrqpa4hiuy+vYzzVwXV7nc7lc\nlxfqrHc/b5nr8racKK2qPpjku5J8PsknkzwwyZ+21p62RPknJnlrkluTnJvk+iSPT3JUkvNaa0+Z\nKv/3GWYX29mcAAAKsElEQVR7vjzJe8fjHJPkUUnuSPLU1tqfTdWpJG9OckqSq5Kcn+ReSZ6a5KAk\nT26tvX2qzoFJ/jrJCUnen+SiJN+c5ClJbk9ycmvtvVN1vi7JZUmOHMv/j/HzPzHJp5M8rLX2seX6\nb6U2Wj+PP2S3ZOibS5P8zyQHJDk5yXcm+bckP9Bau2bqOJckOTHJry/xUV/cWrtjqs73Zejfr0ly\nXpJ/Go9zXJL3JHlka+22Jfa3Yhutj8c6Zyb5tSRvSrJnkWac3Vr7yFSdVZ+XVXX/sc7XJ3l7kn9M\n8r1JHpHhZ+iEtZphfQP382LukeR5Y71vbq3960SdS7J9z+WfSPLSJH+f5ONJbkxy37HOvZP8SWvt\nx6fquC6vcz+7Ls/sXD4zrsuz6ufFbL7rcmtt231lOFEfkKSSnJSkZfjhWKzsIRl+EG5LctzE+oMy\n/BC0JKdO1Xl2km9bZF8/Opa/Lsldp7b9yLjtPUkOmlj/PeOxP53kHlN1/p+xzluS3GVi/RPH9f97\ncv247f8dt/3e1PrnjOvfuVX7OcMP0guTHDZV/i5JXjvWOX+R/V0y/Kis+HMfkOQfxv09Yeo4543r\nT9+KfTxuO3PcdtIqPseqz8skfzlue/bU+peN61+7Vc/lvbT158Y6f+Zc/oo6By6zr4XP+L1T21yX\n17mf47o8q3P5zLgur3s/L9PWTXddXpO/pM38tYKT6qfG7W9aZNvJ47a/WcXxrh7rHDu1/tJx/SMW\nqfPH47afnFhXGRJtS3L4InW+an9JvjbJzRnS9vQ/anfJ8FuFluSIrdrPy5T/D2P5zy2ybbU/vEu2\nN8kR47Y9GUfwtlofZ5X/EO3LeZnk/uO6a/PV/9m6x7ivLyS5+zY8ly8fy/+gc3nFx3v5WOdHp9a7\nLs+gn5cp77q8dufymXFdnue5vOmuy9vyGYRVOnlcvnORbZdm+AE6fhxWXokvjss+XDQOsR4/7uvd\ni9R5x1RbkuEH8VuSXN1au3aFdR6a5OAk72mtfW6ycGvtSxmSfzKk8llb937e3/JV9dSqOr2qnldV\nj1mmLUt+ljYMx16d5Fsz/CDP0qz7+Pur6rSq+uWx7+69RLl9OS8X/vyuscxknc9l+I3v3cZ9z9rc\nzuWqOjbJQzL84/CuZco5l0dVdbeJ/X14Yr3r8gz6eS9cl9e+j12Xv9q6nsub9bq8Y38qbxNHjcur\npze01u6oqmuTfHuGv4grl9tRVT00yYOS/HOS/zWx6f4Zhow+1qbuMxst3Ht55EratcZ1ZmUW/byc\nnxqXi108Fpwz9f2nq+qZrbXzptavpJ+PHL8+usL2rYVZ9/F/nvr+tqr63SQvauOvOvbWrtG+nsuP\nGuv89RJl1ss8z+WfHZevm+rjadv2XK6qb0vytAzX3G9IsivDb6p/q7X2oYmirsuz6efluC6vfR+7\nLk+Zwbm8Ka/LRhD27tBxeeMS2xfW33O5nVTVvTIMSSfJc1trd+7nMWZVZ1Zm0c9L1fmeDA9vfS7J\nGYsUeXuGh5Lul+E3Kg9M8ltjW86tr377w0bt51n18f/M8A/7ERn661uTPCPJDRn69yVr0K6N2sfJ\nnM7lqvraDPfM35HkDUsUcy4n35bh5/2MDOflvZO8IMN98Pt7DOfyl620nxflutytVR+7Ln9lG6at\ny7m8ma/LRhBmoKrunuEEeECS32mtvWXOTdqS9qWfq+rIDG8m+ZoMDyh9Vdpurb18atVVSX6lqv4l\nyasz/CAv9xuuLWMlfdxa+/OpVZ9I8vqquiLD2yBOq6qXtdauW/cGb1L7eM34kQz3+f5Zm3hDxiTn\nctJae2eGFxR9TYbbgX40yW8mObGqntxau32uDdwi9qefXZdXZjV97Lq87/bzmrFpr8tGEPZuIYkd\nusT2hfU3LLZx/If+giTfn+RlrbVfXqNjzKrOrMyin6frHJnk4gyvLTy1tfbfVtXi5PUZfitwTFXd\nY2L9Ru3nmffxpNbaFUnel+Ef/YftZ7s2ah8n8+vnhWHsP1xh+Unb6lxOktbaF1trH22t/UaSFyV5\nXIa3s+zPMZzLU1bQz1/BdfmrrHkfT9V1Xf7K9Wvdz5v2uiwg7N1V4/Kr7v+sqh1JDs/wF/hV76ge\n/0LfkeH9tr/TWnv+Esf4aJI7kxwx7nPaA8bl5P1mS7ZrjevMyiz6ebLO0RneHHDvJE9prb11tQ1u\nrd2aYfg7Se4+sWmj9vNM+3gJ/z4u97e/NmofJ3Po56o6JsP7r6/NMg/BLWU7nctLWHh4+KSJda7L\ns+nnyX26Lk9Yjz5eguvyOvTzZr8uCwh7d9G4XGyWwYdneCL/sjY1IUVVHZrhhPiBJC9Z7reA40lw\n2bivH1ikyGOm2pIM/3h9IsmRVXX4Cuv8fYYJaU6YSqOpqrtkeHgoGX57M2vr3s8TdR6c4R+heyX5\n4TY10dFKVdVRSQ7L8AM8OSy75GepqiMy/FB/PCu/EK2VmfXxYsbh2YVZgSc/+76clwt/ftRYZrLO\nPTJMUnXzuO9Zm0c//9y4fP1eHoJb1HY5l5fxTeOyP4zsupxkBv28wHV5/ft4Ma7LSdavnzf3dXmp\n959ul6+sbHKNf8/qJtc4LMOMgy3DmwFW0o6VTMhzyFSdDT0hzwbt52My/KDdnEXeR7xI+cOT3GuR\n9feZaNcfTm1bbhKTt2SNJjHZiH2c4V7LoxZZf9ckfzDu58q1OC8zwwl5Nlo/T9W9e4Yh5y8mua9z\neck+Pm6Jfd0nyYfGOs+Y2ua6PJt+dl1exz6O6/LMzuWJMpv+ulzjTreVqnpSkieN3943yQ9mSFoL\n77q+rrV22lT58zJMz31Ohum5n5Bxeu4k/2eb6MiqujjDyfrRJGcv0Yy3tdY+OFGnkrw5ySkZpiY/\nP8nXJXlqhhP4yW3qNyrjO3IvyvCu7vdneG3YtyR5SoZp609urb13qs701OnvS3J0vjx1+vFtkQfC\n9sVG6+eqOizJRzL8huqvk/ztEnVe0Vq7YazzExlm8/zbse3XZ+jjx2a4z+/9Sf7jQvmJtk1Pg/6J\nJI/MWk6Dng3ZxzvH478/wz84n8pwoXtEhgvhdRn664OTO9iX87Kq7j/W+foMD/RemeT7xmNdPdb5\nzBJtXpWN1s9TbfvpDPeq/llr7cnLfIafyPY+lz+Y4Zr6vvEz3Jlk5/j5D07ytiSntIm3Rbkur38/\nuy7PpI93xnV5JteMibqb/7q81iluM3zlyzMKLvW1Z5E6JyS5MMlnMwy7fTjJc5McsEjZPXvZf0vy\nE4vU2zHu88PjMT47HvP4ZT7L3ZL8Rob33t6WISG/JcmDlqlzrySvzDAEdXuGi8UbktxvK/dzhh/s\nvZVvSXZO1HlwkrPGdnwmw28Drs9wAXp2krsu8/kfNP5dXDf+3Vyd5NeTHLyF+/iQJK/KMIT8r+P5\n9fkMr9jbneTr1/K8TPLNSd44lr19rPuKJIdt5XN5qu57x+3L/ubVuZynZfiH9GPjOXl7kn9J8hcZ\n/sO/6KyjcV1e136O6/Is+th1eYbXjLHupr8ub8sRBAAAYHEeUgYAADoBAQAA6AQEAACgExAAAIBO\nQAAAADoBAQAA6AQEAACgExAAAIBOQAAAADoBAQAA6AQEAACgExAAAIBOQAAAADoBAQAA6AQEAACg\nExAAAIBOQAAAALr/HyjbFM/4/m3UAAAAAElFTkSuQmCC\n",
      "text/plain": [
       "<matplotlib.figure.Figure at 0x7fef8f3ee310>"
      ]
     },
     "metadata": {
      "image/png": {
       "height": 250,
       "width": 388
      }
     },
     "output_type": "display_data"
    }
   ],
   "source": [
    "plt.hist(ngal,bins=np.linspace(102000,103700,50))"
   ]
  },
  {
   "cell_type": "code",
   "execution_count": 7,
   "metadata": {
    "collapsed": true
   },
   "outputs": [],
   "source": [
    "mask = np.logical_and(ngal<103700,ngal>102500)"
   ]
  },
  {
   "cell_type": "code",
   "execution_count": 8,
   "metadata": {
    "collapsed": true
   },
   "outputs": [],
   "source": [
    "ngal = ngal[mask]\n",
    "wp = wp[mask]\n",
    "wpcov = wpcov[mask]\n",
    "param = param[mask]"
   ]
  },
  {
   "cell_type": "code",
   "execution_count": 9,
   "metadata": {
    "collapsed": false
   },
   "outputs": [
    {
     "data": {
      "text/plain": [
       "array([  1.02654941,  13.1879107 ,   0.87818971,  12.10313919,\n",
       "        12.26929428,   0.91596941,   0.02586083])"
      ]
     },
     "execution_count": 9,
     "metadata": {},
     "output_type": "execute_result"
    }
   ],
   "source": [
    "param_median = param[0]\n",
    "param_median"
   ]
  },
  {
   "cell_type": "markdown",
   "metadata": {},
   "source": [
    "\n",
    "Out[4]:\n",
    "array([  1.02654941,  13.1879107 ,   0.87818971,  12.10313919,\n",
    "        12.26929428,   0.91596941,   0.02586083])"
   ]
  },
  {
   "cell_type": "code",
   "execution_count": 10,
   "metadata": {
    "collapsed": false
   },
   "outputs": [],
   "source": [
    "mask_median = np.logical_and(param.T[0]==param_median[0],param.T[1]==param_median[1])\n",
    "for i in range(5):\n",
    "    mask_median = np.logical_and(mask_median,param.T[i+2]==param_median[i+2])"
   ]
  },
  {
   "cell_type": "code",
   "execution_count": 11,
   "metadata": {
    "collapsed": true
   },
   "outputs": [],
   "source": [
    "covar_real = np.cov(wp[mask_median].T)\n",
    "\n",
    "covar_cosmic = np.mean(wpcov[mask_median],axis=0)\n",
    "\n",
    "covar_tot = covar_cosmic+covar_real"
   ]
  },
  {
   "cell_type": "code",
   "execution_count": 15,
   "metadata": {
    "collapsed": false
   },
   "outputs": [
    {
     "data": {
      "text/plain": [
       "array([[ 353.01995722,  182.59276887,  156.98280456,  132.39018418,\n",
       "         111.54533664,   90.318197  ,   74.5525378 ,   59.38334902,\n",
       "          44.34132007,   34.83305988,   24.8264993 ,   18.46310554,\n",
       "          14.51207763,   12.45143173,   12.04555132,   10.02952601,\n",
       "           6.41150025,    3.50706896,    0.80085835],\n",
       "       [ 182.59276887,  244.9463508 ,  151.02625965,  129.17234987,\n",
       "         110.03894787,   90.03387518,   73.88967753,   58.65796663,\n",
       "          42.54915537,   32.4020786 ,   23.24233607,   17.32519373,\n",
       "          13.96815792,   11.61107798,   11.15278001,    9.42145305,\n",
       "           5.99816835,    3.65897752,    1.04958517],\n",
       "       [ 156.98280456,  151.02625965,  168.75059187,  119.39242644,\n",
       "         100.74560359,   83.2343724 ,   68.82339304,   54.48816168,\n",
       "          40.46972757,   30.94708019,   22.56783938,   16.79150864,\n",
       "          13.74315159,   11.44944783,   10.9219459 ,    9.61490333,\n",
       "           6.71137534,    4.77439905,    2.6484933 ],\n",
       "       [ 132.39018418,  129.17234987,  119.39242644,  126.48319983,\n",
       "          95.33016101,   79.24689604,   65.67446853,   52.18819131,\n",
       "          39.01270313,   30.00873754,   21.96632107,   16.37718528,\n",
       "          13.90926113,   11.6804364 ,   10.98018986,    9.88771837,\n",
       "           7.25454175,    5.85786432,    4.20556823],\n",
       "       [ 111.54533664,  110.03894787,  100.74560359,   95.33016101,\n",
       "          91.43523186,   69.89410758,   58.05451158,   46.1657458 ,\n",
       "          34.55508725,   26.31612461,   19.2399715 ,   14.21182478,\n",
       "          12.10449243,   10.10076016,    9.48213673,    8.43781584,\n",
       "           6.06368399,    4.80433637,    3.26783829],\n",
       "       [  90.318197  ,   90.03387518,   83.2343724 ,   79.24689604,\n",
       "          69.89410758,   64.36747298,   50.78617089,   40.61068994,\n",
       "          30.17962204,   23.2004083 ,   17.24580195,   12.82999106,\n",
       "          11.2211795 ,    9.50128232,    8.93134032,    8.28603001,\n",
       "           6.41373877,    5.52790449,    4.53020586],\n",
       "       [  74.5525378 ,   73.88967753,   68.82339304,   65.67446853,\n",
       "          58.05451158,   50.78617089,   45.86375113,   35.67773794,\n",
       "          26.95434055,   20.99430839,   15.85395257,   11.84831191,\n",
       "          10.31531419,    8.77233438,    8.25763361,    7.66365657,\n",
       "           6.09987248,    5.25402692,    4.24874331],\n",
       "       [  59.38334902,   58.65796663,   54.48816168,   52.18819131,\n",
       "          46.1657458 ,   40.61068994,   35.67773794,   31.08410749,\n",
       "          23.50161174,   18.58742496,   14.27583742,   10.89995705,\n",
       "           9.52338462,    8.19002489,    7.55141444,    7.01390283,\n",
       "           5.63466866,    4.83208729,    3.97425579],\n",
       "       [  44.34132007,   42.54915537,   40.46972757,   39.01270313,\n",
       "          34.55508725,   30.17962204,   26.95434055,   23.50161174,\n",
       "          19.78018285,   15.68372711,   12.16228151,    9.51260186,\n",
       "           8.33508486,    7.25020129,    6.47614973,    6.06745045,\n",
       "           5.02174207,    4.22694242,    3.51878257],\n",
       "       [  34.83305988,   32.4020786 ,   30.94708019,   30.00873754,\n",
       "          26.31612461,   23.2004083 ,   20.99430839,   18.58742496,\n",
       "          15.68372711,   13.67391489,   10.61587393,    8.33615184,\n",
       "           7.23882032,    6.4408661 ,    5.76920813,    5.47007649,\n",
       "           4.71094192,    3.99208068,    3.36402971],\n",
       "       [  24.8264993 ,   23.24233607,   22.56783938,   21.96632107,\n",
       "          19.2399715 ,   17.24580195,   15.85395257,   14.27583742,\n",
       "          12.16228151,   10.61587393,    8.90621514,    6.88770785,\n",
       "           6.02037754,    5.39971151,    4.87630377,    4.67165299,\n",
       "           4.10875746,    3.52541474,    3.03317168],\n",
       "       [  18.46310554,   17.32519373,   16.79150864,   16.37718528,\n",
       "          14.21182478,   12.82999106,   11.84831191,   10.89995705,\n",
       "           9.51260186,    8.33615184,    6.88770785,    5.93916341,\n",
       "           5.28160484,    4.67198532,    4.11107952,    3.90856233,\n",
       "           3.45548376,    2.96824677,    2.60123856],\n",
       "       [  14.51207763,   13.96815792,   13.74315159,   13.90926113,\n",
       "          12.10449243,   11.2211795 ,   10.31531419,    9.52338462,\n",
       "           8.33508486,    7.23882032,    6.02037754,    5.28160484,\n",
       "           5.23203363,    4.55710762,    3.92112365,    3.79803837,\n",
       "           3.47720603,    3.16699905,    3.01059435],\n",
       "       [  12.45143173,   11.61107798,   11.44944783,   11.6804364 ,\n",
       "          10.10076016,    9.50128232,    8.77233438,    8.19002489,\n",
       "           7.25020129,    6.4408661 ,    5.39971151,    4.67198532,\n",
       "           4.55710762,    4.27041148,    3.73598327,    3.67590847,\n",
       "           3.44002143,    3.17201381,    3.04672332],\n",
       "       [  12.04555132,   11.15278001,   10.9219459 ,   10.98018986,\n",
       "           9.48213673,    8.93134032,    8.25763361,    7.55141444,\n",
       "           6.47614973,    5.76920813,    4.87630377,    4.11107952,\n",
       "           3.92112365,    3.73598327,    3.64316078,    3.54679507,\n",
       "           3.30596698,    3.09493362,    2.99870219],\n",
       "       [  10.02952601,    9.42145305,    9.61490333,    9.88771837,\n",
       "           8.43781584,    8.28603001,    7.66365657,    7.01390283,\n",
       "           6.06745045,    5.47007649,    4.67165299,    3.90856233,\n",
       "           3.79803837,    3.67590847,    3.54679507,    3.72481696,\n",
       "           3.658838  ,    3.53166395,    3.50000845],\n",
       "       [   6.41150025,    5.99816835,    6.71137534,    7.25454175,\n",
       "           6.06368399,    6.41373877,    6.09987248,    5.63466866,\n",
       "           5.02174207,    4.71094192,    4.10875746,    3.45548376,\n",
       "           3.47720603,    3.44002143,    3.30596698,    3.658838  ,\n",
       "           3.97799176,    4.06457237,    4.17899257],\n",
       "       [   3.50706896,    3.65897752,    4.77439905,    5.85786432,\n",
       "           4.80433637,    5.52790449,    5.25402692,    4.83208729,\n",
       "           4.22694242,    3.99208068,    3.52541474,    2.96824677,\n",
       "           3.16699905,    3.17201381,    3.09493362,    3.53166395,\n",
       "           4.06457237,    4.65266155,    5.12856569],\n",
       "       [   0.80085835,    1.04958517,    2.6484933 ,    4.20556823,\n",
       "           3.26783829,    4.53020586,    4.24874331,    3.97425579,\n",
       "           3.51878257,    3.36402971,    3.03317168,    2.60123856,\n",
       "           3.01059435,    3.04672332,    2.99870219,    3.50000845,\n",
       "           4.17899257,    5.12856569,    6.19868321]])"
      ]
     },
     "execution_count": 15,
     "metadata": {},
     "output_type": "execute_result"
    }
   ],
   "source": [
    "covar_tot"
   ]
  },
  {
   "cell_type": "code",
   "execution_count": 14,
   "metadata": {
    "collapsed": false
   },
   "outputs": [
    {
     "data": {
      "text/plain": [
       "array([[ 265.41540731,  160.90962927,  141.18528043,  121.23995613,\n",
       "         102.70217055,   84.86829605,   71.02723445,   57.23360315,\n",
       "          43.26439683,   33.80705693,   24.50898038,   18.13947043,\n",
       "          14.09777986,   11.93077931,   11.66429266,    9.82586596,\n",
       "           6.13517115,    3.31132198,    0.69653158],\n",
       "       [ 160.90962927,  191.51069924,  134.93137649,  118.97082948,\n",
       "         101.6202495 ,   84.38742475,   70.11824653,   55.79357581,\n",
       "          41.3322913 ,   31.43709754,   22.56588447,   16.78824876,\n",
       "          13.68346003,   11.21074073,   10.82029921,    9.19761328,\n",
       "           5.80016045,    3.5303331 ,    0.97654663],\n",
       "       [ 141.18528043,  134.93137649,  140.68453589,  109.54810465,\n",
       "          94.01556688,   78.83948702,   65.80021093,   52.6097138 ,\n",
       "          39.40858929,   30.24153678,   22.11879233,   16.41811306,\n",
       "          13.51425895,   11.21965623,   10.7952164 ,    9.49472467,\n",
       "           6.57152904,    4.70460966,    2.61760423],\n",
       "       [ 121.23995613,  118.97082948,  109.54810465,  110.59542635,\n",
       "          88.31017514,   74.52547713,   62.52959683,   50.37690723,\n",
       "          37.87721922,   29.17124969,   21.53898825,   16.03522499,\n",
       "          13.63990786,   11.43715167,   10.80404628,    9.77180533,\n",
       "           7.16189055,    5.7872436 ,    4.16776997],\n",
       "       [ 102.70217055,  101.6202495 ,   94.01556688,   88.31017514,\n",
       "          81.79866281,   65.7432811 ,   55.11401981,   44.39592494,\n",
       "          33.45046116,   25.53048541,   18.85350409,   13.97683158,\n",
       "          11.87210378,    9.88992826,    9.36104455,    8.34620647,\n",
       "           5.9712726 ,    4.72753709,    3.24605185],\n",
       "       [  84.86829605,   84.38742475,   78.83948702,   74.52547713,\n",
       "          65.7432811 ,   59.35230566,   48.38542719,   38.95134895,\n",
       "          29.31913138,   22.57780956,   16.88588268,   12.5896855 ,\n",
       "          11.03851797,    9.32032102,    8.82933056,    8.19375261,\n",
       "           6.33624623,    5.4708947 ,    4.49328574],\n",
       "       [  71.02723445,   70.11824653,   65.80021093,   62.52959683,\n",
       "          55.11401981,   48.38542719,   42.86299142,   34.20342357,\n",
       "          26.10882866,   20.39532337,   15.50882441,   11.62373875,\n",
       "          10.11360578,    8.62733661,    8.15910654,    7.57842243,\n",
       "           6.02491671,    5.20449376,    4.21480031],\n",
       "       [  57.23360315,   55.79357581,   52.6097138 ,   50.37690723,\n",
       "          44.39592494,   38.95134895,   34.20342357,   29.45077129,\n",
       "          22.71426684,   18.05296801,   13.93428993,   10.6784675 ,\n",
       "           9.3473079 ,    8.07747563,    7.45161697,    6.93950309,\n",
       "           5.57800129,    4.78566942,    3.94718965],\n",
       "       [  43.26439683,   41.3322913 ,   39.40858929,   37.87721922,\n",
       "          33.45046116,   29.31913138,   26.10882866,   22.71426684,\n",
       "          18.976433  ,   15.24416418,   11.898762  ,    9.34007539,\n",
       "           8.19819771,    7.15192891,    6.40234877,    6.00796537,\n",
       "           4.98244764,    4.19201472,    3.49668351],\n",
       "       [  33.80705693,   31.43709754,   30.24153678,   29.17124969,\n",
       "          25.53048541,   22.57780956,   20.39532337,   18.05296801,\n",
       "          15.24416418,   13.15774145,   10.3487604 ,    8.16251869,\n",
       "           7.1087491 ,    6.34665821,    5.70290116,    5.41976354,\n",
       "           4.67737325,    3.9627063 ,    3.3487892 ],\n",
       "       [  24.50898038,   22.56588447,   22.11879233,   21.53898825,\n",
       "          18.85350409,   16.88588268,   15.50882441,   13.93428993,\n",
       "          11.898762  ,   10.3487604 ,    8.60173924,    6.73074832,\n",
       "           5.90844276,    5.32218796,    4.8111    ,    4.6247998 ,\n",
       "           4.07950545,    3.49867003,    3.01704988],\n",
       "       [  18.13947043,   16.78824876,   16.41811306,   16.03522499,\n",
       "          13.97683158,   12.5896855 ,   11.62373875,   10.6784675 ,\n",
       "           9.34007539,    8.16251869,    6.73074832,    5.75508123,\n",
       "           5.1735309 ,    4.60095917,    4.05282679,    3.86601791,\n",
       "           3.42710075,    2.94443229,    2.59080443],\n",
       "       [  14.09777986,   13.68346003,   13.51425895,   13.63990786,\n",
       "          11.87210378,   11.03851797,   10.11360578,    9.3473079 ,\n",
       "           8.19819771,    7.1087491 ,    5.90844276,    5.1735309 ,\n",
       "           5.09618151,    4.47629339,    3.86237926,    3.75722955,\n",
       "           3.44837793,    3.14426319,    2.99933935],\n",
       "       [  11.93077931,   11.21074073,   11.21965623,   11.43715167,\n",
       "           9.88992826,    9.32032102,    8.62733661,    8.07747563,\n",
       "           7.15192891,    6.34665821,    5.32218796,    4.60095917,\n",
       "           4.47629339,    4.17765733,    3.6796728 ,    3.63667965,\n",
       "           3.41209918,    3.15168571,    3.03642887],\n",
       "       [  11.66429266,   10.82029921,   10.7952164 ,   10.80404628,\n",
       "           9.36104455,    8.82933056,    8.15910654,    7.45161697,\n",
       "           6.40234877,    5.70290116,    4.8111    ,    4.05282679,\n",
       "           3.86237926,    3.6796728 ,    3.57434753,    3.50543138,\n",
       "           3.27836336,    3.07462674,    2.98862013],\n",
       "       [   9.82586596,    9.19761328,    9.49472467,    9.77180533,\n",
       "           8.34620647,    8.19375261,    7.57842243,    6.93950309,\n",
       "           6.00796537,    5.41976354,    4.6247998 ,    3.86601791,\n",
       "           3.75722955,    3.63667965,    3.50543138,    3.67863212,\n",
       "           3.62977248,    3.51173921,    3.49008948],\n",
       "       [   6.13517115,    5.80016045,    6.57152904,    7.16189055,\n",
       "           5.9712726 ,    6.33624623,    6.02491671,    5.57800129,\n",
       "           4.98244764,    4.67737325,    4.07950545,    3.42710075,\n",
       "           3.44837793,    3.41209918,    3.27836336,    3.62977248,\n",
       "           3.9451692 ,    4.04466094,    4.16959095],\n",
       "       [   3.31132198,    3.5303331 ,    4.70460966,    5.7872436 ,\n",
       "           4.72753709,    5.4708947 ,    5.20449376,    4.78566942,\n",
       "           4.19201472,    3.9627063 ,    3.49867003,    2.94443229,\n",
       "           3.14426319,    3.15168571,    3.07462674,    3.51173921,\n",
       "           4.04466094,    4.63005375,    5.11766222],\n",
       "       [   0.69653158,    0.97654663,    2.61760423,    4.16776997,\n",
       "           3.24605185,    4.49328574,    4.21480031,    3.94718965,\n",
       "           3.49668351,    3.3487892 ,    3.01704988,    2.59080443,\n",
       "           2.99933935,    3.03642887,    2.98862013,    3.49008948,\n",
       "           4.16959095,    5.11766222,    6.18503791]])"
      ]
     },
     "execution_count": 14,
     "metadata": {},
     "output_type": "execute_result"
    }
   ],
   "source": [
    "covar_cosmic"
   ]
  },
  {
   "cell_type": "code",
   "execution_count": 12,
   "metadata": {
    "collapsed": false
   },
   "outputs": [],
   "source": [
    "n_med = np.sum(mask_median)"
   ]
  },
  {
   "cell_type": "code",
   "execution_count": 13,
   "metadata": {
    "collapsed": true
   },
   "outputs": [],
   "source": [
    "def dp(i):\n",
    "    dp = param[i]-param_median\n",
    "    return np.where(dp!=0)[0][0],dp[np.where(dp!=0)]   ##i,dpi"
   ]
  },
  {
   "cell_type": "code",
   "execution_count": 14,
   "metadata": {
    "collapsed": true
   },
   "outputs": [],
   "source": [
    "didpi = np.zeros((len(ngal)-n_med,2))"
   ]
  },
  {
   "cell_type": "code",
   "execution_count": 15,
   "metadata": {
    "collapsed": false
   },
   "outputs": [],
   "source": [
    "for i in range(n_med,len(ngal)):\n",
    "    didpi[i-n_med,0] = dp(i)[0]\n",
    "    didpi[i-n_med,1] = dp(i)[1]"
   ]
  },
  {
   "cell_type": "code",
   "execution_count": 16,
   "metadata": {
    "collapsed": false
   },
   "outputs": [],
   "source": [
    "dtype = [('original_idx', int), ('i', int), ('dpi', float)]\n",
    "values = zip(range(0,len(ngal)-n_med),didpi[:,0],didpi[:,1])\n",
    "d_param = np.array(values, dtype=dtype)"
   ]
  },
  {
   "cell_type": "code",
   "execution_count": 17,
   "metadata": {
    "collapsed": false
   },
   "outputs": [],
   "source": [
    "mask_alpha = np.logical_and(d_param['i']==0,d_param['dpi']>-0.2)\n",
    "mask_logM1 = d_param['i']==1\n",
    "mask_sigmalogM = d_param['i']==2\n",
    "mask_logM0 = d_param['i']==3\n",
    "mask_logMmin = d_param['i']==4\n",
    "mask_Acen = np.logical_and(d_param['i']==5,d_param['dpi']<1-param_median[5])\n",
    "mask_Asat = np.logical_and(d_param['i']==6,d_param['dpi']<1-param_median[6])"
   ]
  },
  {
   "cell_type": "code",
   "execution_count": 69,
   "metadata": {
    "collapsed": false
   },
   "outputs": [
    {
     "data": {
      "text/plain": [
       "[<matplotlib.lines.Line2D at 0x7fafe8062950>]"
      ]
     },
     "execution_count": 69,
     "metadata": {},
     "output_type": "execute_result"
    },
    {
     "data": {
